26754540
26851224
26940748
27056770
27107438
27333269
27362590
27406024
27406981
27413122
27497798
27570647
27580922
27612635
27636203
27668855
27688744
27694098
27742603
27444185
27817747
27830255
27830256
27830258
27919732
28055930
28096249
28163196
28280932
28286031
28361158
28420599
28441940
28466087
28495342
28506958
28606174
30062151
28699553
28778845
28825158
28836087
28838071
28838801
28859346
28875058
28883198
28903886
28933506
28978832
29016825
29040596
29132619
29171014
29181236
29234465
29295083
29295100
29295122
29295125
29295135
29295171
29308293
29373850
29438494
29441154
29446035
29522900
29566172
29588819
29602312
29673608
29677968
29695376
29700073
29752255
33816808
29769172
29770247
29882052
29884988
29888043
29898469
29921177
35519832
29941004
29945499
29961570
29981720
29989977
29992371
30015498
30016815
30092358
30126707
30157513
30157515
30157517
30157523
30175230
30180839
30195433
30262450
30291180
30368002
30380082
30390546
30415715
30465142
30470218
30474078
30475847
30507596
30526592
30535151
30535359
30677782
30687797
30700280
30708220
30710543
30740594
30781800
30797905
30802545
30811548
30814958
30864307
30890124
30892270
30908310
30914178
30924509
30950806
31003175
31020363
31021325
31022751
31022752
31022753
31043088
31054960
33733090
31118322
31131140
31131144
31200909
31218554
31233140
31245585
31259017
31282932
31326088
31329875
31390644
31406609
31419812
31419814
31419815
31419817
31419823
31419824
31419825
31419826
31419827
31419829
31419831
31419838
31435868
31437912
31438207
31438255
31452006
31520098
31605488
31607346
31615472
31661083
33868772
31702565
31746571
31815397
31774409
31777671
31794016
31821153
31840330
31840559
31851906
31884734
31900812
31946424
31946860
31980104
31984370
32013925
32051177
32065628
32111372
32113004
32130115
32138284
32152955
32229465
32249306
32303098
32318897
32343962
32354696
32356548
32364754
32378614
32385041
32408309
32422651
32432709
32436854
32446958
32472120
32483590
32498999
32499001
32501272
32507824
32547805
32562898
32570354
32570404
32570443
32604609
32637044
32658777
32696698
32734158
32750909
32759101
32766825
32777759
32819041
32823297
32823299
32823305
32823307
32823310
32823311
32823315
32823316
32823318
32823323
32845984
32858164
34756219
32894128
32929977
32946413
32988997
32998684
33019249
33027032
33029619
33032022
33037037
33052114
33059367
33060445
33071930
33095174
33104010
33118947
33121479
33151150
33155985
33194219
33245290
33245291
35282306
36164586
33274178
33274314
33295294
33308910
33315136
33315176
33319904
33323104
33357225
33357232
33360271
33372588
33380319
33380332
33396741
33446032
33454724
33463685
33492176
33497811
33504300
33518637
33547086
33566082
33576956
33591285
33594415
33607342
33661445
33737318
33747683
33751044
33768551
33769560
33777105
33791684
33800959
33818393
33835032
33835931
33852047
33853863
33862229
33882596
37954527
33936521
33962987
33973491
33991856
34027588
34042669
34042763
34049051
34056069
34066093
34078100
34102547
34108105
34108143
34117102
34185005
34191890
34192103
34205275
34236337
34255693
34270710
34279615
34285665
34291714
34313589
34319248
34326160
34330278
34341636
34386786
34391001
34402507
34415311
34426417
34479377
34479386
34479390
34479393
34479398
34479541
34521623
34539180
34541582
34545819
34553174
34564650
34573884
34581670
34591027
34595403
34609322
34614452
34614453
34672262
34673533
34674509
34716306
34747711
34770543
34794627
34842542
34843609
34847061
40932881
34853210
34891780
34901429
34920127
34920543
34943479
34950914
34953008
34967749
34969668
34971546
35014959
35040795
35044315
35062087
35076405
35077706
35078432
35089141
35099394
35118907
35142635
35150379
35154378
35172087
35172371
35179504
35181493
35182715
35196579
35199063
35213361
35230246
35232718
35235068
35289753
35297766
35330417
35345728
35370185
35373623
35394222
35396247
35398812
35404026
35451986
35455730
35477689
35488252
35489145
35508272
35552189
35560105
35575856
35582703
35607616
35612027
35612230
35613914
35618741
37641590
35654422
35654428
35654435
35657661
35658114
35665240
35667762
35699997
35709336
35710346
35753606
35773929
35848784
35896020
35904087
35908625
35923088
35970485
35982595
35982600
36001363
36007995
36013227
36035426
36039302
36081435
38935936
36109726
36138192
38875599
36202424
36213168
36231805
36249862
36252126
36265042
36287591
36292492
36300397
36300411
36322109
36351702
36373611
36377970
36396542
36407087
36437879
36463863
36463866
36463869
36463887
36478240
36512389
36532112
36534622
36534634
36536317
36541000
36553074
36553919
36554020
36583932
36662548
36669784
36681042
36685965
36707485
36742689
36772095
36776053
36780315
36894376
36920563
36939809
36939823
36945552
36980483
37035436
37041475
37062419
37079367
37102995
37109558
37114472
37128375
37138580
37143924
37150397
37162903
37164244
37172184
37174810
37203512
37216350
37227772
37238244
37258183
37263772
37276372
37276948
37293005
37301740
37303347
37306511
37307038
37335851
37342078
37351484
37356640
37360147
37382282
37393785
37414028
37426351
37427053
37440294
37453366
37468830
37478371
37488023
37515632
37528252
37541739
37600072
37621203
37645961
37646309
37683678
37691592
37702040
37704332
37705688
37711014
37718729
37732304
37738186
37745891
37757994
37766044
37766994
37780994
37790442
37792365
37793676
37806178
37808542
37827724
37854701
37860593
37860605
37860713
37865060
37876988
37883177
37892687
37914988
37925206
37942130
37964454
37979006
38026184
38027475
38037121
38050067
38051569
38055310
38065926
38070902
38073025
38105180
38106616
38135293
38147856
38147857
38147870
40051784
38222390
38222422
38228800
38238156
38269788
38269811
38269871
38269879
38269897
38269906
38269918
38291396
38300443
38303427
38343247
38352435
38359852
38380250
38386866
38398389
38410770
38433927
38435625
39836802
38442909
38444495
38455585
38476245
38481027
38485268
38506920
38556036
38568737
38591003
38605106
38657567
38667177
38679390
38681776
38682512
38686006
38688685
38726506
38740483
38755105
38771093
38781350
38791794
38796228
38816209
38820189
38827397
38830766
38875567
38875578
38898381
38929638
38934135
38940478
38947079
38955390
38957294
38960729
38964525
38964828
38980626
38981711
38989463
38997571
39018499
39032946
39049233
39049234
39053616
39056472
39074173
39094106
39143600
39151214
39158950
39167784
39176500
39176919
39177534
39190427
39197732
39234716
39255030
39265163
39267093
39272071
39275850
39289004
39302636
39307579
39325508
39348666
39365849
39367798
39397427
39402695
39419496
39419501
39423005
39425010
39430702
39438330
39451456
39455278
39463859
39475815
39476365
39504136
39511041
39542916
39563835
39566038
39566177
39576284
39576664
39582895
39584477
39587767
39594254
39603549
39632097
39637381
39638562
39653370
39653514
39658328
39686209
39689306
39692888
39693482
39720532
39721577
39728632
39749442
39758456
39759773
39764433
39780220
39790120
39839971
39844924
39846077
39866885
39874574
39883929
39886165
39902646
39975503
39985409
39998911
40000063
40012671
40013073
40020741
40021191
40027192
40044019
40053748
40070694
40091161
40118111
40119020
40124300
40127441
40166033
40168221
40183120
40187746
40199309
40200449
40203304
40212810
40235070
40239043
40246058
40246680
40261653
40263477
40288236
40288807
40306630
40312600
40313292
40327851
40334705
40341975
40354111
40355126
40377826
40380661
40384063
40384068
40384072
40397819
40402540
40414449
40425195
40435811
40440696
40482691
40502258
40506780
40523638
40525063
40536801
40559489
40567746
40588891
40601924
40607063
40609461
40624106
40629334
40644430
40657271
40658884
40663627
40677264
40678962
40680319
40694843
40702542
40706557
40710042
40715863
40726746
40743494
40749188
40764666
40769193
40776249
40779763
40784213
40787142
40795315
40811803
40827296
40828572
40838089
40840937
40846507
40856790
40864898
40887180
40891584
40896565
40899524
40899543
40911943
40917881
40960859
40967672
40983363
40991950
41007212
41008780
41017313
41022108
41023468
41040708
41056742
41072789
41073106
41100853
41101774
41106843
41106844
41109547
41115212
41115753
41133425
41138618
41180155
41180829
41191411
41194059
41206385
41211994
41213118
41235003
41248315
41259733
41265423
41273484
41274668
41291116
41292499
41300858
41343815
41410806
41417114
41426664
41435443
41438031
41445428
41462230
41488128
41503546
41504919
41507986
41513871
41518194
41519188
41520750
41531745
41537252
41539673
41542317
41550543
41556064
41576425
41577373
41587020
41587455
41601915
41605495
41610815
41622006
41622014
41623024
41630546
41644124
41667124
41671573
41672608
41680997
41686225
41693049
41701629
41719246
41734977
41742928
41743184
41760348
41783894
41785453
41785737
41796128
41814967
41814991
41816521
41836624
41847748